Title: Stacking the Invisibles: A Guided Search for 
       Low-Luminosity Milky Way Satellites  
Authors: Sesar B., Banholzer S.R., Cohen J.G., Martin N.F., Grillmair C.J., 
         Levitan D., Laher R.R., Ofek E.O., Surace J.A., Kulkarni S.R., 
         Prince T.A., Rix H.-W.
Table: Positions and distances of RR Lyrae stars
================================================================================
Byte-by-byte Description of file: apj500185t1_mrt.txt
--------------------------------------------------------------------------------
   Bytes Format Units Label  Explanations
--------------------------------------------------------------------------------
   1- 10 F10.6  deg   RAdeg  Right Ascension in decimal degrees (J2000)
  12- 20 F9.6   deg   DEdeg  Declination in decimal degrees (J2000)
  22- 26 F5.2   kpc   Dis    Heliocentric distance (1)
--------------------------------------------------------------------------------
Note (1): Calculated assuming M_r_ = 0.6 as the absolute magnitude of RR Lyrae 
          stars in the PTF R-band. The fractional uncertainty in distance is 6%.
--------------------------------------------------------------------------------
  1.242728  3.098036 88.75 
  1.682986 21.730624 72.85 
  3.939427 -5.579277 78.44 
  6.811368 23.974693 95.29 
  7.358557  4.102403 68.74 
  9.744206 20.553540 66.88 
 10.513976 15.644571 73.84 
 11.055966 22.790142 82.84 
 12.886188  8.186772 98.09 
 13.310846 17.131011 64.35 
 19.525001 32.406244 65.25 
 22.518406  5.325709 78.59 
 23.410198 28.632004 62.10 
 26.332462 29.490912 65.02 
 32.712502 30.727191 64.23 
115.364139 15.963249 76.00 
116.400818 41.144619 77.32 
120.317295 40.437254 74.91 
128.370883 15.965169 67.17 
131.493877 16.220728 86.60 
135.464139 59.126223 63.97 
135.734329 61.632797 62.27 
138.005718  4.460860 80.81 
144.592461 11.742167 87.53 
150.793839 60.899088 67.00 
150.921284 39.194626 83.29 
152.590587 36.895836 81.24 
152.968769 54.242993 64.92 
163.170509 37.514533 61.54 
164.489100 34.745064 83.89 
164.520533 52.887307 70.04 
165.062997 65.796881 66.67 
167.001393 41.462033 88.71 
167.017710 39.036224 60.63 
171.776776 38.283675 69.93 
178.558487 29.301074 64.88 
180.443356 29.988561 74.68 
180.897857 32.495132 89.44 
181.016095 -2.647467 78.54 
185.114310 35.103711 61.66 
185.643377 62.250255 61.26 
185.746362 45.195654 75.29 
188.216550  3.818259 61.03 
188.775506 34.800889 60.12 
190.736273 39.437327 82.25 
191.654206 31.937550 94.37 
193.903451 45.043689 71.32 
197.852560 45.049331 77.04 
198.420504 22.182993 79.62 
201.599127 20.385933 77.71 
203.687057 66.751806 68.07 
203.982464 49.901292 67.73 
204.352357 38.228202 86.89 
205.205704 36.853917 87.31 
205.905885 32.556054 69.78 
206.812800 18.948662 71.84 
207.652350 44.812573 78.23 
207.724647 23.190636 62.96 
209.033340 33.248685 64.20 
210.637744 38.232353 85.58 
211.817787 24.848542 74.01 
211.994178 36.807289 92.04 
212.589496 22.253607 60.43 
215.665037 24.546119 95.70 
216.204328 47.136579 86.85 
218.049938 40.747928 82.39 
218.176936 42.633442 85.14 
221.706896  8.837638 60.31 
223.346505  4.975185 61.16 
223.622796 35.965284 68.57 
228.567280 22.338271 72.07 
229.788068 48.062194 76.54 
230.308509 36.284135 77.46 
233.923785 36.952769 91.26 
236.473862 58.070087 82.32 
240.796478  2.837515 74.98 
243.076521  9.124216 63.23 
246.010797 18.099398 88.16 
248.349539 21.241718 93.53 
250.653894 17.006463 83.49 
253.129214 25.364456 87.18 
255.688672 22.453839 86.01 
256.705347 45.841456 64.45 
257.226751 77.474833 61.19 
257.613855 20.884437 61.23 
315.053965  2.672089 86.35 
318.205232  3.335638 67.88 
318.976552  7.973251 60.73 
319.283033  6.002872 62.75 
319.884396 -3.231786 86.03 
319.941988 10.196709 91.95 
323.600934 -7.711137 72.90 
331.799885 15.460914 75.08 
331.876763 13.065936 80.78 
332.370217  4.848066 75.12 
332.410911 18.244310 87.48 
332.592184 29.103657 73.13 
332.704864 -5.197965 66.80 
333.476456 18.467046 84.73 
333.661498 -8.044298 63.62 
334.122902 17.947426 73.09 
334.321813  3.080486 65.02 
334.774313 23.010250 93.50 
334.998445 13.021085 62.49 
334.998881 20.375702 94.31 
335.022304  4.924654 66.08 
336.456031 14.850049 66.43 
339.099888 13.702667 66.42 
340.383438 16.244707 85.36 
342.547160  8.997476 64.49 
343.300267 32.762224 66.98 
344.839733 31.512171 64.84 
345.822963  6.603569 64.63 
346.053722  8.775501 76.66 
346.244514  7.734119 84.80 
346.250862 -5.349352 77.39 
346.511165 31.771469 82.61 
347.445806 -7.531079 74.72 
347.722921 15.092281 71.40 
349.403574  8.969001 73.19 
355.394934 13.261791 69.11 
356.100543 15.353601 62.90 
357.051490  7.973476 76.39 